Demo Level
Jump over the tree, and ski to the end of the level.

-17.46893
-12.61549
52.10649
-0.1379318
118.0245
15.24293
3
10
-36.52949
-15.9462
0
-11.27948
-10.3212
0
6.779957
-5.382034
5
7.845522
14.17881
17
23.47052
14.17881
0
28.78638
14.22983
6
35.79726
9.74375
0
117.7803
9.627695
0
118.0245
48.20192
0
-36.76071
47.46951
0
1
0
0
1
True
0
0
0
10
10
10
0
1
2
3
4
5
6
7
8
9
6
-6.781422
-8.552994
0
3
1
44.3588
7.230534
1.570796
3
1
44.77446
9.633555
0
4
1
44.784
8.063972
0
4
1
45.9088
7.180533
-1.570796
3
1
44.96265
6.472826
0
5
1
