-1.0 -100.0 0 0.5
-1.0 -0.0 0 0.5
0.84838563 -0.08874054 0 0.5
2.5657487 -0.24325943 0 0.5
4.170401 -0.47600022 0 0.5
5.6806536 -0.79940796 0 0.5
7.114816 -1.2259263 0 0.5
8.491202 -1.768 0 0.5
9.82812 -2.4380746 0 0.5
11.143885 -3.248593 0 0.5
12.456802 -4.2120013 0 0.5
13.785187 -5.3407426 0 0.5
15.147351 -6.647261 0 0.5
16.561604 -8.144002 0 0.5
18.046255 -9.84341 0 0.5
19.61962 -11.757929 0 0.5
21.300007 -13.900003 0 0.5
21.300001 -13.900001 0 0.5
22.10409 -15.131348 0 0.5
22.972712 -16.398787 0 0.5
23.930403 -17.7224 0 0.5
25.001692 -19.122282 0 0.5
26.211115 -20.618519 0 0.5
27.583204 -22.231201 0 0.5
29.142492 -23.980417 0 0.5
30.913517 -25.886255 0 0.5
32.920807 -27.968801 0 0.5
35.1889 -30.248152 0 0.5
37.74232 -32.74439 0 0.5
40.60561 -35.477604 0 0.5
43.803295 -38.467884 0 0.5
47.35992 -41.73532 0 0.5
51.300007 -45.3 0 0.5
51.300007 -100 0 0.5
