95.0948	-43.1368	0	0.5
96.4584	-43.8462	0	0.5
97.8057	-44.7329	0	0.5
99.1328	-45.7834	0	0.5
100.436	-46.9843	0	0.5
101.71	-48.3222	0	0.5
102.953	-49.7836	0	0.5
104.159	-51.355	0	0.5
105.326	-53.0232	0	0.5
106.449	-54.7745	0	0.5
107.523	-56.5956	0	0.5
108.546	-58.473	0	0.5
109.514	-60.3934	0	0.5
110.421	-62.3432	0	0.5
111.265	-64.309	0	0.5
112.041	-66.2775	0	0.5
112.746	-68.2351	0	0.5
113.376	-70.1684	0	0.5
113.926	-72.064	0	0.5
114.392	-73.9085	0	0.5
114.772	-75.6884	0	0.5
115.06	-77.3903	0	0.5
115.253	-79.0007	0	0.5
115.362	-80.6801	0	0.5
115.392	-82.4293	0	0.5
115.339	-84.205	0	0.5
115.201	-86.0013	0	0.5
114.98	-87.812	0	0.5
114.674	-89.6311	0	0.5
114.282	-91.4526	0	0.5
113.805	-93.2703	0	0.5
113.241	-95.0782	0	0.5
112.59	-96.8702	0	0.5
111.851	-98.6402	0	0.5
111.025	-100.382	0	0.5
110.11	-102.09	0	0.5
109.105	-103.758	0	0.5
108.011	-105.38	0	0.5
106.827	-106.949	0	0.5
105.552	-108.46	0	0.5
104.185	-109.906	0	0.5
102.727	-111.282	0	0.5
101.176	-112.582	0	0.5
99.5319	-113.799	0	0.5
98.3085	-114.639	0	0.5
97.0979	-115.476	0	0.5
95.8273	-116.355	0	0.5
94.4991	-117.269	0	0.5
93.1157	-118.211	0	0.5
91.6795	-119.174	0	0.5
90.1928	-120.15	0	0.5
88.6582	-121.132	0	0.5
87.078	-122.113	0	0.5
85.4546	-123.086	0	0.5
83.7904	-124.042	0	0.5
82.0877	-124.976	0	0.5
80.3491	-125.88	0	0.5
78.5769	-126.746	0	0.5
76.7735	-127.567	0	0.5
74.9413	-128.337	0	0.5
73.0828	-129.047	0	0.5
71.2002	-129.691	0	0.5
69.296	-130.261	0	0.5
67.3727	-130.749	0	0.5
65.4326	-131.15	0	0.5
63.478	-131.455	0	0.5
61.5115	-131.658	0	0.5
59.5354	-131.75	0	0.5
57.5522	-131.725	0	0.5
55.5641	-131.575	0	0.5
53.5737	-131.294	0	0.5
51.5833	-130.873	0	0.5
49.5953	-130.307	0	0.5
47.6121	-129.586	0	0.5
45.6362	-128.705	0	0.5
43.876	-127.774	0	0.5
42.7672	-127.116	0	0.5
41.6293	-126.39	0	0.5
40.4638	-125.597	0	0.5
39.272	-124.74	0	0.5
38.0554	-123.821	0	0.5
36.8152	-122.842	0	0.5
35.553	-121.805	0	0.5
34.2701	-120.712	0	0.5
32.9679	-119.566	0	0.5
31.6478	-118.369	0	0.5
30.3111	-117.123	0	0.5
28.9594	-115.83	0	0.5
27.5939	-114.492	0	0.5
26.216	-113.112	0	0.5
24.8272	-111.692	0	0.5
23.4289	-110.234	0	0.5
22.0223	-108.739	0	0.5
20.609	-107.211	0	0.5
19.1904	-105.652	0	0.5
17.7677	-104.063	0	0.5
16.3424	-102.446	0	0.5
14.916	-100.805	0	0.5
13.4897	-99.1416	0	0.5
12.065	-97.4571	0	0.5
10.6432	-95.7542	0	0.5
9.22584	-94.0352	0	0.5
7.81422	-92.302	0	0.5
6.40973	-90.557	0	0.5
5.01381	-88.8024	0	0.5
3.6278	-87.0402	0	0.5
2.25311	-85.2727	0	0.5
0.891136	-83.5022	0	0.5
-0.456726	-81.7307	0	0.5
-1.78909	-79.9604	0	0.5
-3.10456	-78.1937	0	0.5
-4.40176	-76.4325	0	0.5
-5.67928	-74.6792	0	0.5
-6.93571	-72.9358	0	0.5
-8.16972	-71.2047	0	0.5
-9.37983	-69.4879	0	0.5
-10.5647	-67.7877	0	0.5
-11.723	-66.1062	0	0.5
-12.8532	-64.4456	0	0.5
-13.954	-62.8082	0	0.5
-15.024	-61.1961	0	0.5
-16.0618	-59.6115	0	0.5
-17.066	-58.0565	0	0.5
-18.0352	-56.5334	0	0.5
-18.9681	-55.0444	0	0.5
-19.8632	-53.5916	0	0.5
-20.719	-52.1772	0	0.5
-21.5344	-50.8034	0	0.5
-22.3078	-49.4724	0	0.5
-23.0378	-48.1864	0	0.5
-23.7231	-46.9475	0	0.5
-24.3623	-45.758	0	0.5
-25.0102	-44.5094	0	0.5
-26.2185	-41.9463	0	0.5
-27.2264	-39.4379	0	0.5
-28.0452	-36.9854	0	0.5
-28.6861	-34.5904	0	0.5
-29.1604	-32.254	0	0.5
-29.4791	-29.9778	0	0.5
-29.6537	-27.763	0	0.5
-29.6952	-25.6112	0	0.5
-29.6149	-23.5235	0	0.5
-29.424	-21.5014	0	0.5
-29.1337	-19.5463	0	0.5
-28.7552	-17.6595	0	0.5
-28.2998	-15.8424	0	0.5
-27.7787	-14.0964	0	0.5
-27.2031	-12.4228	0	0.5
-26.5842	-10.823	0	0.5
-25.9332	-9.29844	0	0.5
-25.2614	-7.85043	0	0.5
-24.58	-6.48031	0	0.5
-23.9001	-5.18946	0	0.5
-23.233	-3.9793	0	0.5
-22.5899	-2.85116	0	0.5
-21.9821	-1.8064	0	0.5
-21.4207	-0.846436	0	0.5
-20.6228	0.41378	0	0.5
-19.3408	1.69937	0	0.5
-17.83	2.55578	0	0.5
-16.1344	3.03072	0	0.5
-14.2978	3.17194	0	0.5
-12.364	3.02715	0	0.5
-10.3769	2.64407	0	0.5
-8.38015	2.07047	0	0.5
-6.41771	1.35406	0	0.5
-4.53336	0.542549	0	0.5
-2.77089	-0.316299	0	0.5
-1.17414	-1.1748	0	0.5
0.229607	-1.98974	0	0.5
1.39124	-2.63585	0	0.5
2.29368	-3.12419	0	0.5
3.01015	-3.56396	0	0.5
3.61388	-4.06438	0	0.5
4.17812	-4.7347	0	0.5
4.77605	-5.68409	0	0.5
5.48093	-7.0218	0	0.5
6.36598	-8.85708	0	0.5
7.50442	-11.2991	0	0.5
8.96946	-14.457	0	0.5
10.8343	-18.4401	0	0.5
11.8359	-20.5678	0	0.5
12.3553	-21.7116	0	0.5
12.8954	-22.9363	0	0.5
13.4555	-24.2384	0	0.5
14.035	-25.6145	0	0.5
14.6332	-27.0612	0	0.5
15.2495	-28.575	0	0.5
15.8832	-30.1524	0	0.5
16.5336	-31.7901	0	0.5
17.2002	-33.4846	0	0.5
17.8822	-35.2324	0	0.5
18.579	-37.0302	0	0.5
19.29	-38.8744	0	0.5
20.0144	-40.7617	0	0.5
20.7517	-42.6886	0	0.5
21.5012	-44.6516	0	0.5
22.2622	-46.6474	0	0.5
23.034	-48.6724	0	0.5
23.8161	-50.7233	0	0.5
24.6078	-52.7967	0	0.5
25.4084	-54.8889	0	0.5
26.2172	-56.9967	0	0.5
27.0337	-59.1166	0	0.5
27.8571	-61.2451	0	0.5
28.6868	-63.3788	0	0.5
29.5222	-65.5144	0	0.5
30.3625	-67.6482	0	0.5
31.2072	-69.7769	0	0.5
32.0556	-71.8971	0	0.5
32.907	-74.0053	0	0.5
33.7608	-76.098	0	0.5
34.6163	-78.1719	0	0.5
35.4729	-80.2235	0	0.5
36.3299	-82.2494	0	0.5
37.1867	-84.246	0	0.5
38.0425	-86.2101	0	0.5
38.8969	-88.138	0	0.5
39.749	-90.0265	0	0.5
40.5983	-91.8721	0	0.5
41.4441	-93.6712	0	0.5
42.2857	-95.4206	0	0.5
43.1226	-97.1166	0	0.5
43.9539	-98.756	0	0.5
44.7792	-100.335	0	0.5
45.5976	-101.851	0	0.5
46.4087	-103.3	0	0.5
47.2116	-104.678	0	0.5
48.0059	-105.982	0	0.5
48.7907	-107.209	0	0.5
49.5655	-108.355	0	0.5
50.3296	-109.417	0	0.5
51.0824	-110.391	0	0.5
52.1365	-111.629	0	0.5
53.9414	-113.455	0	0.5
55.7711	-114.972	0	0.5
57.6203	-116.198	0	0.5
59.4838	-117.154	0	0.5
61.3565	-117.858	0	0.5
63.2332	-118.33	0	0.5
65.1087	-118.589	0	0.5
66.9779	-118.654	0	0.5
68.8354	-118.546	0	0.5
70.6762	-118.282	0	0.5
72.4951	-117.883	0	0.5
74.2868	-117.368	0	0.5
76.0462	-116.756	0	0.5
77.7681	-116.066	0	0.5
79.4473	-115.319	0	0.5
81.0787	-114.532	0	0.5
82.657	-113.726	0	0.5
84.1771	-112.92	0	0.5
85.6337	-112.133	0	0.5
87.0217	-111.385	0	0.5
88.3359	-110.695	0	0.5
89.7736	-109.945	0	0.5
91.3283	-108.996	0	0.5
92.8608	-107.909	0	0.5
94.3599	-106.694	0	0.5
95.814	-105.366	0	0.5
97.212	-103.936	0	0.5
98.5424	-102.417	0	0.5
99.794	-100.821	0	0.5
100.955	-99.1621	0	0.5
102.015	-97.4518	0	0.5
102.962	-95.7029	0	0.5
103.784	-93.9281	0	0.5
104.471	-92.14	0	0.5
105.011	-90.3511	0	0.5
105.392	-88.574	0	0.5
105.604	-86.8215	0	0.5
105.635	-85.1059	0	0.5
105.487	-83.5317	0	0.5
105.182	-82.0532	0	0.5
104.717	-80.4663	0	0.5
104.102	-78.7886	0	0.5
103.351	-77.0378	0	0.5
102.476	-75.2315	0	0.5
101.489	-73.3873	0	0.5
100.403	-71.5229	0	0.5
99.2306	-69.6559	0	0.5
97.9837	-67.8039	0	0.5
96.675	-65.9846	0	0.5
95.3168	-64.2155	0	0.5
93.9218	-62.5145	0	0.5
92.5021	-60.8989	0	0.5
91.0704	-59.3866	0	0.5
89.639	-57.9952	0	0.5
88.2204	-56.7422	0	0.5
86.827	-55.6453	0	0.5
85.4712	-54.7222	0	0.5
84.1655	-53.9904	0	0.5
82.9224	-53.4676	0	0.5
81.5949	-53.1481	0	0.5
80.0456	-53.0869	0	0.5
78.383	-53.2955	0	0.5
76.632	-53.7486	0	0.5
74.8172	-54.4209	0	0.5
72.9635	-55.2867	0	0.5
71.0956	-56.3209	0	0.5
69.2384	-57.4979	0	0.5
67.4166	-58.7923	0	0.5
65.6548	-60.1788	0	0.5
63.978	-61.6319	0	0.5
62.4108	-63.1263	0	0.5
60.9782	-64.6364	0	0.5
59.7047	-66.137	0	0.5
58.6153	-67.6026	0	0.5
57.7346	-69.0078	0	0.5
57.0874	-70.3271	0	0.5
56.6902	-71.5784	0	0.5
56.5714	-73.0603	0	0.5
56.7682	-74.6863	0	0.5
57.2455	-76.4236	0	0.5
57.9685	-78.2393	0	0.5
58.9021	-80.1007	0	0.5
60.0113	-81.9749	0	0.5
61.2611	-83.8294	0	0.5
62.6166	-85.6311	0	0.5
64.0428	-87.3474	0	0.5
65.5047	-88.9454	0	0.5
66.9672	-90.3923	0	0.5
68.3954	-91.6554	0	0.5
69.7544	-92.702	0	0.5
71.0091	-93.499	0	0.5
72.2776	-94.0613	0	0.5
73.9336	-94.3151	0	0.5
75.7288	-94.1543	0	0.5
77.6103	-93.6423	0	0.5
79.5257	-92.8423	0	0.5
81.4223	-91.8179	0	0.5
83.2474	-90.6323	0	0.5
84.9485	-89.3489	0	0.5
86.4729	-88.0311	0	0.5
87.768	-86.7423	0	0.5
88.7811	-85.5458	0	0.5
89.5968	-84.1933	0	0.5
90.104	-82.4234	0	0.5
90.2307	-80.4631	0	0.5
90.0334	-78.4156	0	0.5
89.5692	-76.3845	0	0.5
88.8946	-74.4729	0	0.5
88.0666	-72.7841	0	0.5
87.1418	-71.4214	0	0.5
85.9515	-70.3328	0	0.5
84.314	-69.4595	0	0.5
82.3814	-68.8125	0	0.5
80.2978	-68.3851	0	0.5
78.2073	-68.1701	0	0.5
76.2541	-68.1607	0	0.5
74.5822	-68.3498	0	0.5
72.9422	-68.9065	0	0.5
71.25	-70.0228	0	0.5
69.7507	-71.507	0	0.5
68.5954	-73.1735	0	0.5
67.9353	-74.837	0	0.5
67.9179	-76.2935	0	0.5
68.6251	-77.6943	0	0.5
69.9141	-79.2321	0	0.5
71.5638	-80.7537	0	0.5
73.3527	-82.1055	0	0.5
75.0597	-83.134	0	0.5
76.4636	-83.6857	0	0.5
78.2207	-83.4638	0	0.5
79.9425	-82.3225	0	0.5
81.3522	-80.7533	0	0.5
82.1962	-79.2529	0	0.5
82.1512	-77.6431	0	0.5
81.1289	-75.7696	0	0.5
79.7367	-74.298	0	0.5
78.2991	-73.8497	0	0.5
76.3599	-74.6799	0	0.5
74.8731	-75.9295	0	0.5
74.8073	-77.5032	0	0.5
76.0686	-79.0323	0	0.5
78.1806	-79.2568	0	0.5
79.5234	-79.4465	0	0.5
78.3347	-80.8704	0	0.5
76.5732	-80.7758	0	0.5
74.6464	-79.8522	0	0.5
72.8042	-78.5845	0	0.5
72.0278	-77.2631	0	0.5
72.6189	-75.9516	0	0.5
73.9836	-74.3402	0	0.5
75.7398	-72.9241	0	0.5
77.5056	-72.2031	0	0.5
78.8987	-72.5045	0	0.5
80.4799	-73.4982	0	0.5
82.1736	-74.9531	0	0.5
83.6753	-76.6482	0	0.5
84.681	-78.3624	0	0.5
84.8862	-79.8747	0	0.5
84.2924	-81.0143	0	0.5
83.1297	-82.3176	0	0.5
81.5434	-83.686	0	0.5
79.6875	-84.9808	0	0.5
77.7159	-86.0636	0	0.5
75.7826	-86.7958	0	0.5
74.0415	-87.0389	0	0.5
72.6639	-86.6987	0	0.5
71.2983	-85.8556	0	0.5
69.8418	-84.5978	0	0.5
68.3845	-83.0309	0	0.5
67.0168	-81.2602	0	0.5
65.8288	-79.3911	0	0.5
64.9107	-77.529	0	0.5
64.3529	-75.7791	0	0.5
64.2456	-74.2469	0	0.5
64.6363	-72.8945	0	0.5
65.4673	-71.4395	0	0.5
66.6587	-69.9379	0	0.5
68.1299	-68.459	0	0.5
69.8002	-67.072	0	0.5
71.5889	-65.846	0	0.5
73.4153	-64.8502	0	0.5
75.1987	-64.1538	0	0.5
76.8584	-63.826	0	0.5
78.4034	-63.8857	0	0.5
80.1031	-64.2484	0	0.5
81.9107	-64.8747	0	0.5
83.7623	-65.7266	0	0.5
85.5944	-66.7662	0	0.5
87.3431	-67.9555	0	0.5
88.9448	-69.2566	0	0.5
90.3358	-70.6316	0	0.5
91.4523	-72.0424	0	0.5
92.2387	-73.4507	0	0.5
92.8601	-75.0061	0	0.5
93.3752	-76.7571	0	0.5
93.7533	-78.6487	0	0.5
93.9635	-80.6256	0	0.5
93.9751	-82.6329	0	0.5
93.7572	-84.6154	0	0.5
93.2793	-86.5179	0	0.5
92.5103	-88.2854	0	0.5
91.4196	-89.8628	0	0.5
90.2271	-91.0159	0	0.5
89.0833	-91.9231	0	0.5
87.7158	-92.9035	0	0.5
86.1557	-93.9288	0	0.5
84.434	-94.9709	0	0.5
82.5818	-96.0015	0	0.5
80.63	-96.9923	0	0.5
78.6096	-97.9152	0	0.5
76.5516	-98.7419	0	0.5
74.4869	-99.4442	0	0.5
72.4468	-99.9939	0	0.5
70.4621	-100.363	0	0.5
68.5638	-100.522	0	0.5
66.783	-100.445	0	0.5
65.1506	-100.102	0	0.5
63.6976	-99.4648	0	0.5
62.5943	-98.6519	0	0.5
61.6709	-97.7456	0	0.5
60.7165	-96.6335	0	0.5
59.7418	-95.3343	0	0.5
58.7571	-93.8664	0	0.5
57.7728	-92.2485	0	0.5
56.7992	-90.499	0	0.5
55.8469	-88.6366	0	0.5
54.9261	-86.6799	0	0.5
54.0473	-84.6473	0	0.5
53.221	-82.5575	0	0.5
52.4574	-80.4289	0	0.5
51.767	-78.2801	0	0.5
51.1603	-76.1298	0	0.5
50.6475	-73.9964	0	0.5
50.2392	-71.8986	0	0.5
49.9456	-69.8549	0	0.5
49.7773	-67.8838	0	0.5
49.7446	-66.0038	0	0.5
49.8579	-64.2336	0	0.5
50.1276	-62.5918	0	0.5
50.5642	-61.0967	0	0.5
51.1701	-59.7807	0	0.5
51.9034	-58.649	0	0.5
52.8272	-57.5077	0	0.5
53.9273	-56.3627	0	0.5
55.1893	-55.2202	0	0.5
56.5988	-54.0863	0	0.5
58.1417	-52.9672	0	0.5
59.8034	-51.8688	0	0.5
61.5698	-50.7974	0	0.5
63.4265	-49.759	0	0.5
65.3592	-48.7597	0	0.5
67.3533	-47.8057	0	0.5
69.3948	-46.903	0	0.5
71.4693	-46.0577	0	0.5
73.5624	-45.276	0	0.5
75.6599	-44.564	0	0.5
77.7473	-43.9277	0	0.5
79.8104	-43.3733	0	0.5
81.8347	-42.9069	0	0.5
83.8061	-42.5345	0	0.5
85.7101	-42.2624	0	0.5
87.5324	-42.0965	0	0.5
89.2589	-42.043	0	0.5
90.8749	-42.1081	0	0.5
92.3663	-42.2977	0	0.5
93.7188	-42.618	0	0.5
