-32.816326 -27 0 0.5
-32.816326 8.810539 0 0.5
-26.265442 8.810539 0 0.5
-23.932877 8.810539 0 0.5
-23.414530 8.680952 0 0.5
-22.248247 8.292192 0 0.5
-19.397333 6.672354 0 0.5
-16.999975 5.052517 0 0.5
-15.444931 3.627061 0 0.5
-11.881289 0.970528 0 0.5
-10.196659 0.322593 0 0.5
-8.188062 -0.195754 0 0.5
-6.956985 -0.195754 0 0.5
-5.596323 0.322593 0 0.5
-4.624420 0.840941 0 0.5
-3.587724 1.553669 0 0.5
-2.874996 2.007224 0 0.5
-2.367116 2.068921 0 0.5
-1.895248 2.068921 0 0.5
-1.275920 1.921462 0 0.5
-0.774559 1.626544 0 0.5
-0.273199 1.243151 0 0.5
0.434605 0.623823 0 0.5
1.525801 -0.467374 0 0.5
2.392449 -1.012025 0 0.5
4.835163 -1.433182 0 0.5
6.772488 -1.433182 0 0.5
12.163306 -1.517414 0 0.5
15.953725 -1.517414 0 0.5
18.396439 -1.938571 0 0.5
20.754921 -3.286276 0 0.5
21.849932 -4.128591 0 0.5
23.281866 -5.813221 0 0.5
25.219193 -7.497852 0 0.5
26.449123 -7.859674 0 0.5
28.083063 -8.087473 0 0.5
29.535553 -7.838587 0 0.5
30.862703 -7.245157 0 0.5
31.873482 -5.728990 0 0.5
33.305420 -2.696655 0 0.5
33.895039 0.672606 0 0.5
34.231964 3.368015 0 0.5
34.484661 4.884182 0 0.5
35.663902 5.473803 0 0.5
37.180069 5.473803 0 0.5
41.391644 5.473803 0 0.5
41.391644 -27 0 0.5
