-50.816326 -54 0 0.5
-50.816326 8.810539 0 0.5
-26.265442 8.810539 0 0.5
-23.932877 8.810539 0 0.5
-23.414530 8.680952 0 0.5
-22.248247 8.292192 0 0.5
-19.397333 6.672354 0 0.5
-16.999975 5.052517 0 0.5
-15.444931 3.627061 0 0.5
-11.881289 0.970528 0 0.5
-10.196659 0.322593 0 0.5
-8.188062 -0.195754 0 0.5
-6.956985 -0.195754 0 0.5
-5.596323 0.322593 0 0.5
-4.624420 0.840941 0 0.5
-3.587724 1.553669 0 0.5
-2.874996 2.007224 0 0.5
-2.367116 2.068921 0 0.5
-1.895248 2.068921 0 0.5
-1.275920 1.921462 0 0.5
-0.774559 1.626544 0 0.5
-0.273199 1.243151 0 0.5
0.434605 0.623823 0 0.5
1.525801 -0.467374 0 0.5
2.392449 -1.012025 0 0.5
4.835163 -1.433182 0 0.5
6.772488 -1.433182 0 0.5
7.120862 -1.415054 0 0.5
7.120862 -1.768955 0 0.5
6.324584 -1.739464 0 0.5
5.144912 -3.214053 0 0.5
5.233387 -4.187283 0 0.5
4.849994 -4.865594 0 0.5
4.643552 -5.927299 0 0.5
4.879486 -7.726298 0 0.5
4.791011 -9.053430 0 0.5
3.522863 -11.206330 0 0.5
3.375404 -13.064314 0 0.5
2.670120 -21.214546 0 0.5
1.137106 -23.514067 0 0.5
1.137106 -27 0 0.5
19.300325 -27 0 0.5
19.628828 -24.461664 0 0.5
18.424316 -19.753120 0 0.5
18.971823 -14.387573 0 0.5
18.095814 -13.292563 0 0.5
18.314816 -11.321546 0 0.5
18.314816 -10.226536 0 0.5
17.110306 -8.912524 0 0.5
17.059614 -6.385206 0 0.5
16.139469 -5.388383 0 0.5
15.641059 -3.241380 0 0.5
14.260842 -1.822825 0 0.5
13.149002 -1.861164 0 0.5
13.083916 -1.549875 0 0.5
13.108356 -1.500995 0 0.5
13.138906 -1.470445 0 0.5
13.193896 -1.446005 0 0.5
13.246393 -1.438137 0 0.5
15.953725 -1.517414 0 0.5
18.396439 -1.938571 0 0.5
20.754921 -3.286276 0 0.5
21.849932 -4.128591 0 0.5
23.281866 -5.813221 0 0.5
25.219193 -7.497852 0 0.5
26.449123 -7.859674 0 0.5
28.083063 -8.087473 0 0.5
29.535553 -7.838587 0 0.5
30.862703 -7.245157 0 0.5
31.873482 -5.728990 0 0.5
33.305420 -2.696655 0 0.5
33.895039 0.672606 0 0.5
34.231964 3.368015 0 0.5
34.484661 4.884182 0 0.5
35.663902 5.473803 0 0.5
37.180069 5.473803 0 0.5
51.391644 5.473803 0 0.5
51.391644 -54 0 0.5
