-208.043	-328.432	0	0.5
-199	0	0	0.5
-15.6663	25.3401	0	0.5
-15.2616	23.9913	0	0.5
-14.8493	22.5687	0	0.5
-14.4291	21.0742	0	0.5
-14.0007	19.5096	0	0.5
-13.5639	17.8768	0	0.5
-13.1185	16.1774	0	0.5
-12.6639	14.4133	0	0.5
-12.2001	12.5865	0	0.5
-11.7267	10.6985	0	0.5
-11.2434	8.75139	0	0.5
-10.75	6.74683	0	0.5
-10.2461	4.68668	0	0.5
-9.73151	2.57275	0	0.5
-9.20589	0.406849	0	0.5
-8.66895	-1.80919	0	0.5
-8.12044	-4.07357	0	0.5
-7.56004	-6.38447	0	0.5
-6.98749	-8.74008	0	0.5
-6.40248	-11.1386	0	0.5
-5.80475	-13.5782	0	0.5
-5.194	-16.057	0	0.5
-4.56993	-18.5733	0	0.5
-3.9323	-21.1252	0	0.5
-3.28075	-23.7109	0	0.5
-2.61505	-26.3287	0	0.5
-1.93491	-28.9766	0	0.5
-1.24002	-31.6529	0	0.5
-0.530113	-34.3558	0	0.5
0.195099	-37.0834	0	0.5
0.935913	-39.8339	0	0.5
1.69261	-42.6056	0	0.5
2.46547	-45.3965	0	0.5
3.25479	-48.205	0	0.5
4.06084	-51.0291	0	0.5
4.88394	-53.8671	0	0.5
5.72434	-56.7171	0	0.5
6.58234	-59.5773	0	0.5
7.45821	-62.446	0	0.5
8.35228	-65.3213	0	0.5
9.26479	-68.2013	0	0.5
10.1961	-71.0843	0	0.5
11.1463	-73.9685	0	0.5
12.1159	-76.852	0	0.5
13.1051	-79.733	0	0.5
14.1142	-82.6098	0	0.5
15.1435	-85.4804	0	0.5
16.1932	-88.3431	0	0.5
17.2637	-91.1961	0	0.5
18.3553	-94.0376	0	0.5
19.4681	-96.8656	0	0.5
20.6025	-99.6785	0	0.5
21.7589	-102.474	0	0.5
22.9374	-105.252	0	0.5
24.1383	-108.008	0	0.5
25.3621	-110.742	0	0.5
26.6088	-113.452	0	0.5
27.8789	-116.136	0	0.5
29.1726	-118.791	0	0.5
30.4902	-121.418	0	0.5
31.832	-124.012	0	0.5
32.9826	-126.186	0	0.5
34.0713	-128.235	0	0.5
35.1805	-130.315	0	0.5
36.3097	-132.427	0	0.5
37.4587	-134.569	0	0.5
38.627	-136.74	0	0.5
39.8143	-138.937	0	0.5
41.0201	-141.161	0	0.5
42.2442	-143.41	0	0.5
43.4862	-145.683	0	0.5
44.7456	-147.978	0	0.5
46.0222	-150.294	0	0.5
47.3155	-152.63	0	0.5
48.6252	-154.985	0	0.5
49.9509	-157.357	0	0.5
51.2923	-159.746	0	0.5
52.6489	-162.149	0	0.5
54.0204	-164.566	0	0.5
55.4065	-166.996	0	0.5
56.8067	-169.436	0	0.5
58.2207	-171.887	0	0.5
59.6482	-174.346	0	0.5
61.0886	-176.813	0	0.5
62.5418	-179.287	0	0.5
64.0073	-181.765	0	0.5
65.4847	-184.247	0	0.5
66.9737	-186.731	0	0.5
68.4739	-189.217	0	0.5
69.985	-191.702	0	0.5
71.5065	-194.187	0	0.5
73.0381	-196.669	0	0.5
74.5794	-199.147	0	0.5
76.1301	-201.62	0	0.5
77.6897	-204.087	0	0.5
79.258	-206.547	0	0.5
80.8345	-208.998	0	0.5
82.4189	-211.439	0	0.5
84.0108	-213.868	0	0.5
85.6098	-216.286	0	0.5
87.2156	-218.689	0	0.5
88.8278	-221.078	0	0.5
90.446	-223.45	0	0.5
92.0699	-225.806	0	0.5
93.699	-228.142	0	0.5
95.3331	-230.458	0	0.5
96.9717	-232.754	0	0.5
98.6145	-235.027	0	0.5
100.261	-237.276	0	0.5
101.911	-239.501	0	0.5
103.564	-241.699	0	0.5
105.22	-243.87	0	0.5
106.878	-246.012	0	0.5
108.538	-248.125	0	0.5
110.2	-250.206	0	0.5
111.863	-252.255	0	0.5
113.527	-254.27	0	0.5
115.191	-256.251	0	0.5
116.855	-258.195	0	0.5
118.519	-260.102	0	0.5
120.182	-261.971	0	0.5
121.845	-263.8	0	0.5
123.506	-265.587	0	0.5
125.165	-267.332	0	0.5
126.822	-269.034	0	0.5
128.477	-270.691	0	0.5
130.129	-272.302	0	0.5
131.778	-273.866	0	0.5
133.423	-275.381	0	0.5
135.064	-276.846	0	0.5
136.701	-278.26	0	0.5
138.333	-279.622	0	0.5
139.96	-280.931	0	0.5
141.581	-282.184	0	0.5
143.197	-283.382	0	0.5
144.806	-284.522	0	0.5
146.409	-285.604	0	0.5
148.005	-286.627	0	0.5
149.594	-287.588	0	0.5
151.358	-288.589	0	0.5
153.582	-289.786	0	0.5
155.843	-290.94	0	0.5
158.139	-292.051	0	0.5
160.468	-293.116	0	0.5
162.828	-294.136	0	0.5
165.217	-295.109	0	0.5
167.633	-296.035	0	0.5
170.074	-296.912	0	0.5
172.539	-297.74	0	0.5
175.025	-298.518	0	0.5
177.531	-299.244	0	0.5
180.054	-299.919	0	0.5
182.594	-300.54	0	0.5
185.147	-301.108	0	0.5
187.712	-301.62	0	0.5
190.288	-302.077	0	0.5
192.871	-302.478	0	0.5
195.461	-302.82	0	0.5
198.055	-303.105	0	0.5
200.652	-303.329	0	0.5
203.249	-303.494	0	0.5
205.845	-303.597	0	0.5
208.438	-303.638	0	0.5
211.025	-303.616	0	0.5
213.606	-303.531	0	0.5
216.177	-303.38	0	0.5
218.738	-303.163	0	0.5
221.286	-302.88	0	0.5
223.819	-302.529	0	0.5
226.336	-302.11	0	0.5
228.834	-301.621	0	0.5
231.312	-301.062	0	0.5
233.768	-300.431	0	0.5
236.199	-299.729	0	0.5
238.605	-298.953	0	0.5
240.982	-298.103	0	0.5
243.33	-297.178	0	0.5
245.645	-296.178	0	0.5
247.928	-295.101	0	0.5
250.174	-293.946	0	0.5
252.383	-292.712	0	0.5
254.553	-291.399	0	0.5
256.681	-290.005	0	0.5
258.766	-288.531	0	0.5
260.806	-286.974	0	0.5
262.799	-285.333	0	0.5
264.743	-283.609	0	0.5
266.637	-281.8	0	0.5
268.477	-279.905	0	0.5
270.263	-277.923	0	0.5
271.993	-275.853	0	0.5
273.664	-273.695	0	0.5
275.274	-271.447	0	0.5
276.823	-269.109	0	0.5
278.307	-266.68	0	0.5
279.725	-264.158	0	0.5
280.576	-262.526	0	0.5
281.3	-261.029	0	0.5
282.008	-259.464	0	0.5
282.7	-257.834	0	0.5
283.376	-256.139	0	0.5
284.036	-254.38	0	0.5
284.681	-252.56	0	0.5
285.31	-250.68	0	0.5
285.924	-248.74	0	0.5
286.523	-246.742	0	0.5
287.107	-244.688	0	0.5
287.677	-242.579	0	0.5
288.232	-240.416	0	0.5
288.773	-238.201	0	0.5
289.3	-235.935	0	0.5
289.814	-233.619	0	0.5
290.314	-231.255	0	0.5
290.801	-228.845	0	0.5
291.274	-226.389	0	0.5
291.735	-223.888	0	0.5
292.183	-221.345	0	0.5
292.619	-218.761	0	0.5
293.042	-216.136	0	0.5
293.454	-213.473	0	0.5
293.853	-210.773	0	0.5
294.241	-208.037	0	0.5
294.617	-205.266	0	0.5
294.983	-202.462	0	0.5
295.337	-199.627	0	0.5
295.68	-196.76	0	0.5
296.013	-193.865	0	0.5
296.336	-190.942	0	0.5
296.648	-187.993	0	0.5
296.95	-185.019	0	0.5
297.243	-182.021	0	0.5
297.526	-179.001	0	0.5
297.799	-175.96	0	0.5
298.064	-172.9	0	0.5
298.319	-169.821	0	0.5
298.566	-166.726	0	0.5
298.804	-163.615	0	0.5
299.034	-160.49	0	0.5
299.256	-157.353	0	0.5
299.47	-154.204	0	0.5
299.677	-151.046	0	0.5
299.876	-147.878	0	0.5
300.067	-144.704	0	0.5
300.252	-141.524	0	0.5
300.43	-138.339	0	0.5
300.601	-135.152	0	0.5
300.765	-131.962	0	0.5
300.924	-128.773	0	0.5
301.076	-125.584	0	0.5
301.223	-122.398	0	0.5
301.364	-119.215	0	0.5
301.499	-116.038	0	0.5
301.63	-112.867	0	0.5
301.755	-109.703	0	0.5
301.876	-106.55	0	0.5
301.992	-103.406	0	0.5
302.104	-100.275	0	0.5
302.212	-97.1568	0	0.5
302.315	-94.0536	0	0.5
302.416	-90.9663	0	0.5
302.512	-87.8965	0	0.5
302.605	-84.8454	0	0.5
302.695	-81.8145	0	0.5
302.783	-78.8053	0	0.5
302.867	-75.8188	0	0.5
302.949	-72.8567	0	0.5
303.029	-69.9201	0	0.5
303.107	-67.0106	0	0.5
303.183	-64.1294	0	0.5
303.257	-61.278	0	0.5
303.33	-58.4577	0	0.5
303.401	-55.6698	0	0.5
303.472	-52.9158	0	0.5
303.542	-50.197	0	0.5
303.611	-47.5148	0	0.5
303.68	-44.8705	0	0.5
303.748	-42.2656	0	0.5
303.817	-39.7013	0	0.5
303.886	-37.179	0	0.5
303.955	-34.7002	0	0.5
304.025	-32.2662	0	0.5
304.096	-29.8782	0	0.5
304.167	-27.5378	0	0.5
304.241	-25.2463	0	0.5
304.315	-23.0051	0	0.5
304.391	-20.8155	0	0.5
304.47	-18.6788	0	0.5
304.55	-16.5965	0	0.5
304.633	-14.5699	0	0.5
304.718	-12.6004	0	0.5
304.806	-10.6894	0	0.5
304.896	-8.83814	0	0.5
304.99	-7.04813	0	0.5
305.088	-5.3207	0	0.5
305.189	-3.65716	0	0.5
305.293	-2.0589	0	0.5
305.402	-0.527313	0	0.5
305.515	0.936207	0	0.5
305.632	2.33037	0	0.5
305.754	3.65376	0	0.5
383	-229.613	0	0.5
435.909	-226.236	0	0.5
443.031	-347.738	0	0.5
