-100 -30 0 0.5
-100 0.25 0 0.5
-5.326623 0.25 0 0.5
-1.309427 0.249241 0 0
1.152725 -0.722661 0 0
2.642976 -1.824150 0 0
4.327606 -3.249607 0 0
5.753063 -4.286303 0 0
7.632074 -4.804651 0 0
10.353400 -4.675064 0 0
12.750759 -3.832748 0 0
14.629770 -3.703161 0 0
15.860847 -4.221509 0 0
17.739859 -5.970933 0 0
19.683662 -8.303499 0 0
20.914740 -9.469782 0 0
22.404989 -10.765652 0 0
25.839045 -11.996727 0 0
28.106815 -12.385488 0 0
30.180208 -12.385488 0 0
32.642361 -12.061521 0 0
35.169308 -11.089618 0 0
38.214600 -9.599367 0 0
39.510468 -8.562671 0 0
40.871132 -7.720356 0 0
42.231796 -7.266801 0 0
43.592461 -7.266801 0 0
44.693947 -7.979530 0 0
45.860229 -9.210606 0 0
47.026512 -10.376889 0 0
48.387177 -11.154410 0 0
50.330982 -12.061520 0 0
52.663548 -12.191106 0 0
55.449669 -11.478377 0 0
57.069504 -10.052920 0 0
59.078102 -7.331594 0 0
59.790833 -5.452583 0 0
60.957115 -2.666463 0 0
61.669842 -0.787452 0 0
62.317776 1.091559 0 0
82 1.091559 0 0
82 -30 0 0

