-208.043	-328.432	0	0
-199	0	0	0
-15.6663	25.3401 0 0
-15.2616	23.9913 0 0
-14.8493	22.5687 0 0
-14.4291	21.0742 0 0
-14.0007	19.5096 0 0
-13.5639	17.8768 0 0
-13.1185	16.1774 0 0
-12.6639	14.4133 0 0
-12.2001	12.5865 0 0
-11.7267	10.6985 0 0
-11.2434	8.75139 0 0
-10.75	6.74683 0 0
-10.2461	4.68668 0 0
-9.73151	2.57275 0 0
-9.20589	0.406849 0 0
-8.66895	-1.80919 0 0
-8.12044	-4.07357 0 0
-7.56004	-6.38447 0 0
-6.98749	-8.74008 0 0
-6.40248	-11.1386 0 0
-5.80475	-13.5782 0 0
-5.194	-16.057 0 0
-4.56993	-18.5733 0 0
-3.9323	-21.1252 0 0
-3.28075	-23.7109 0 0
-2.61505	-26.3287 0 0
-1.93491	-28.9766 0 0
-1.24002	-31.6529 0 0
-0.530113	-34.3558 0 0
0.195099	-37.0834 0 0
0.935913	-39.8339 0 0
1.69261	-42.6056 0 0
2.46547	-45.3965 0 0
3.25479	-48.205 0 0
4.06084	-51.0291 0 0
4.88394	-53.8671 0 0
5.72434	-56.7171 0 0
6.58234	-59.5773 0 0
7.45821	-62.446 0 0
8.35228	-65.3213 0 0
9.26479	-68.2013 0 0
10.1961	-71.0843 0 0
11.1463	-73.9685 0 0
12.1159	-76.852 0 0
13.1051	-79.733 0 0
14.1142	-82.6098 0 0
15.1435	-85.4804 0 0
16.1932	-88.3431 0 0
17.2637	-91.1961 0 0
18.3553	-94.0376 0 0
19.4681	-96.8656 0 0
20.6025	-99.6785 0 0
21.7589	-102.474 0 0
22.9374	-105.252 0 0
24.1383	-108.008 0 0
25.3621	-110.742 0 0
26.6088	-113.452 0 0
27.8789	-116.136 0 0
29.1726	-118.791 0 0
30.4902	-121.418 0 0
31.832	-124.012 0 0
32.9826	-126.186 0 0
34.0713	-128.235 0 0
35.1805	-130.315 0 0
36.3097	-132.427 0 0
37.4587	-134.569 0 0
38.627	-136.74 0 0
39.8143	-138.937 0 0
41.0201	-141.161 0 0
42.2442	-143.41 0 0
43.4862	-145.683 0 0
44.7456	-147.978 0 0
46.0222	-150.294 0 0
47.3155	-152.63 0 0
48.6252	-154.985 0 0
49.9509	-157.357 0 0
51.2923	-159.746 0 0
52.6489	-162.149 0 0
54.0204	-164.566 0 0
55.4065	-166.996 0 0
56.8067	-169.436 0 0
58.2207	-171.887 0 0
59.6482	-174.346 0 0
61.0886	-176.813 0 0
62.5418	-179.287 0 0
64.0073	-181.765 0 0
65.4847	-184.247 0 0
66.9737	-186.731 0 0
68.4739	-189.217 0 0
69.985	-191.702 0 0
71.5065	-194.187 0 0
73.0381	-196.669 0 0
74.5794	-199.147 0 0
76.1301	-201.62 0 0
77.6897	-204.087 0 0
79.258	-206.547 0 0
80.8345	-208.998 0 0
82.4189	-211.439 0 0
84.0108	-213.868 0 0
85.6098	-216.286 0 0
87.2156	-218.689 0 0
88.8278	-221.078 0 0
90.446	-223.45 0 0
92.0699	-225.806 0 0
93.699	-228.142 0 0
95.3331	-230.458 0 0
96.9717	-232.754 0 0
98.6145	-235.027 0 0
100.261	-237.276 0 0
101.911	-239.501 0 0
103.564	-241.699 0 0
105.22	-243.87 0 0
106.878	-246.012 0 0
108.538	-248.125 0 0
110.2	-250.206 0 0
111.863	-252.255 0 0
113.527	-254.27 0 0
115.191	-256.251 0 0
116.855	-258.195 0 0
118.519	-260.102 0 0
120.182	-261.971 0 0
121.845	-263.8 0 0
123.506	-265.587 0 0
125.165	-267.332 0 0
126.822	-269.034 0 0
128.477	-270.691 0 0
130.129	-272.302 0 0
131.778	-273.866 0 0
133.423	-275.381 0 0
135.064	-276.846 0 0
136.701	-278.26 0 0
138.333	-279.622 0 0
139.96	-280.931 0 0
141.581	-282.184 0 0
143.197	-283.382 0 0
144.806	-284.522 0 0
146.409	-285.604 0 0
148.005	-286.627 0 0
149.594	-287.588 0 0
151.358	-288.589 0 0
153.582	-289.786 0 0
155.843	-290.94 0 0
158.139	-292.051 0 0
160.468	-293.116 0 0
162.828	-294.136 0 0
165.217	-295.109 0 0
167.633	-296.035 0 0
170.074	-296.912 0 0
172.539	-297.74 0 0
175.025	-298.518 0 0
177.531	-299.244 0 0
180.054	-299.919 0 0
182.594	-300.54 0 0
185.147	-301.108 0 0
187.712	-301.62 0 0
190.288	-302.077 0 0
192.871	-302.478 0 0
195.461	-302.82 0 0
198.055	-303.105 0 0
200.652	-303.329 0 0
203.249	-303.494 0 0
205.845	-303.597 0 0
208.438	-303.638 0 0
211.025	-303.616 0 0
213.606	-303.531 0 0
216.177	-303.38 0 0
218.738	-303.163 0 0
221.286	-302.88 0 0
223.819	-302.529 0 0
226.336	-302.11 0 0
228.834	-301.621 0 0
231.312	-301.062 0 0
233.768	-300.431 0 0
236.199	-299.729 0 0
238.605	-298.953 0 0
240.982	-298.103 0 0
243.33	-297.178 0 0
245.645	-296.178 0 0
247.928	-295.101 0 0
250.174	-293.946 0 0
252.383	-292.712 0 0
254.553	-291.399 0 0
256.681	-290.005 0 0
258.766	-288.531 0 0
260.806	-286.974 0 0
262.799	-285.333 0 0
264.743	-283.609 0 0
266.637	-281.8 0 0
268.477	-279.905 0 0
270.263	-277.923 0 0
271.993	-275.853 0 0
273.664	-273.695 0 0
275.274	-271.447 0 0
276.823	-269.109 0 0
278.307	-266.68 0 0
279.725	-264.158 0 0
280.576	-262.526 0 0
281.3	-261.029 0 0
282.008	-259.464 0 0
282.7	-257.834 0 0
283.376	-256.139 0 0
284.036	-254.38 0 0
284.681	-252.56 0 0
285.31	-250.68 0 0
285.924	-248.74 0 0
286.523	-246.742 0 0
287.107	-244.688 0 0
287.677	-242.579 0 0
288.232	-240.416 0 0
288.773	-238.201 0 0
289.3	-235.935 0 0
289.814	-233.619 0 0
290.314	-231.255 0 0
290.801	-228.845 0 0
291.274	-226.389 0 0
291.735	-223.888 0 0
292.183	-221.345 0 0
292.619	-218.761 0 0
293.042	-216.136 0 0
293.454	-213.473 0 0
293.853	-210.773 0 0
294.241	-208.037 0 0
294.617	-205.266 0 0
294.983	-202.462 0 0
295.337	-199.627 0 0
295.68	-196.76 0 0
296.013	-193.865 0 0
296.336	-190.942 0 0
296.648	-187.993 0 0
296.95	-185.019 0 0
297.243	-182.021 0 0
297.526	-179.001 0 0
297.799	-175.96 0 0
298.064	-172.9 0 0
298.319	-169.821 0 0
298.566	-166.726 0 0
298.804	-163.615 0 0
299.034	-160.49 0 0
299.256	-157.353 0 0
299.47	-154.204 0 0
299.677	-151.046 0 0
299.876	-147.878 0 0
300.067	-144.704 0 0
300.252	-141.524 0 0
300.43	-138.339 0 0
300.601	-135.152 0 0
300.765	-131.962 0 0
300.924	-128.773 0 0
301.076	-125.584 0 0
301.223	-122.398 0 0
301.364	-119.215 0 0
301.499	-116.038 0 0
301.63	-112.867 0 0
301.755	-109.703 0 0
301.876	-106.55 0 0
301.992	-103.406 0 0
302.104	-100.275 0 0
302.212	-97.1568 0 0
302.315	-94.0536 0 0
302.416	-90.9663 0 0
302.512	-87.8965 0 0
302.605	-84.8454 0 0
302.695	-81.8145 0 0
302.783	-78.8053 0 0
302.867	-75.8188 0 0
302.949	-72.8567 0 0
303.029	-69.9201 0 0
303.107	-67.0106 0 0
303.183	-64.1294 0 0
303.257	-61.278 0 0
303.33	-58.4577 0 0
303.401	-55.6698 0 0
303.472	-52.9158 0 0
303.542	-50.197 0 0
303.611	-47.5148 0 0
303.68	-44.8705 0 0
303.748	-42.2656 0 0
303.817	-39.7013 0 0
303.886	-37.179 0 0
303.955	-34.7002 0 0
304.025	-32.2662 0 0
304.096	-29.8782 0 0
304.167	-27.5378 0 0
304.241	-25.2463 0 0
304.315	-23.0051 0 0
304.391	-20.8155 0 0
304.47	-18.6788 0 0
304.55	-16.5965 0 0
304.633	-14.5699 0 0
304.718	-12.6004 0 0
304.806	-10.6894 0 0
304.896	-8.83814 0 0
304.99	-7.04813 0 0
305.088	-5.3207 0 0
305.189	-3.65716 0 0
305.293	-2.0589 0 0
305.402	-0.527313 0 0
305.515	0.936207 0 0
305.632	2.33037 0 0
305.754	3.65376 0 0
383	-229.613 0 0
435.909	-226.236 0 0
443.031	-347.738 0 0
