Dark Cavern
Make it to the pond alive!

-24.86177
-31.38208
1159.295
471.5012
716.9905
352.6462
3
447
-20.8
-29
0
-18.88887
-28.25378
0
-17.08194
-27.27586
0
-15.37246
-26.08815
0
-13.75369
-24.71255
0
-12.21885
-23.17095
0
-10.7612
-21.48524
0
-9.373993
-19.67732
0
-8.050469
-17.7691
0
-6.783874
-15.78247
0
-5.567453
-13.73931
0
-4.394459
-11.66155
0
-3.258134
-9.571056
0
-2.151723
-7.489737
0
-1.068475
-5.439489
0
-0.001636505
-3.442211
0
1.055547
-1.519797
0
2.109827
0.3058543
0
3.167958
2.012846
0
4.236695
3.579283
0
5.32279
4.983266
0
6.432996
6.2029
0
7.574067
7.216287
0
8.752757
8.001531
0
9.975818
8.536734
0
11.25
8.799999
0
12.85049
8.890919
0
14.31862
8.843674
0
15.65439
8.658266
0
16.85781
8.334697
0
17.92887
7.872962
0
18.86757
7.273067
0
19.67391
6.535008
0
20.3479
5.658786
0
20.88952
4.644401
0
21.2988
3.491853
0
21.57571
2.201143
0
21.72027
0.7722697
0
21.73247
-0.7947669
0
21.61231
-2.499966
0
21.35979
-4.343328
0
21.35572
-4.709179
0
21.37757
-7.133437
0
21.46306
-8.857616
0
21.64207
-9.951328
0
21.94447
-10.48418
0
22.40015
-10.52578
0
23.039
-10.14574
0
23.8909
-9.413672
0
24.98572
-8.399179
0
26.35336
-7.171875
0
28.02369
-5.801367
0
30.0266
-4.357265
0
32.39198
-2.909179
0
35.14969
-1.526718
0
38.32963
-0.2794915
0
41.96169
0.7628914
0
46.07573
1.530821
0
47.20534
1.667629
0
48.23102
1.708709
0
49.15276
1.65406
0
49.97058
1.503683
0
50.68446
1.257577
0
51.2944
0.9157423
0
51.80042
0.4781795
0
52.2025
-0.0551118
0
52.50065
-0.6841316
0
52.72829
-1.331614
0
52.95745
-1.755819
0
53.18213
-1.980564
0
53.39639
-2.029666
0
53.59422
-1.926943
0
53.76968
-1.696213
0
53.91676
-1.361292
0
54.02953
-0.9459991
0
54.10197
-0.4741509
0
54.12815
0.03043526
0
54.10207
0.5439414
0
54.01776
1.042551
0
53.86925
1.502445
0
53.65056
1.899807
0
53.35573
2.21082
0
50.54871
4.135201
0
47.76661
5.882627
0
45.01118
7.457135
0
42.28418
8.862764
0
39.58733
10.10355
0
36.92241
11.18353
0
34.29115
12.10674
0
31.69529
12.87723
0
29.13659
13.49902
0
26.6168
13.97615
0
24.13768
14.31267
0
21.70095
14.51261
0
19.30837
14.58
0
16.9617
14.5189
0
14.66267
14.33332
0
12.41304
14.02731
0
10.21456
13.60491
0
8.068965
13.07016
0
5.978017
12.42709
0
3.943458
11.67973
0
1.967038
10.83214
0
0.05050564
9.888341
0
-1.804392
8.852374
0
-3.595907
7.728279
0
-5.322289
6.52009
0
-6.981777
5.231859
0
-9.231798
3.452048
0
-12.42534
1.651744
0
-16.5624
-0.1690527
0
-21.64297
-2.010343
0
-27.66706
-3.872125
0
-34.63467
-5.754398
0
-42.54581
-7.657166
0
-51.40045
-9.580425
0
-61.19862
-11.52418
0
-71.9403
-13.48842
0
-83.6255
-15.47316
0
-96.25421
-17.47839
0
-109.8265
-19.50411
0
-124.3422
-21.55033
0
-139.8015
-23.61703
0
-156.2043
-25.70424
0
-173.5506
-27.81193
0
-191.8404
-29.94011
0
-211.0738
-32.08879
0
-231.2506
-34.25796
0
-252.371
-36.44762
0
-274.4349
-38.65778
0
-297.4424
-40.88844
0
-288.6686
-75.6022
0
12.65104
-7.203922
0
10.8901
-12.21204
0
8.732273
-16.77806
0
6.177563
-20.90198
0
3.22597
-24.58379
0
-0.1225066
-27.82351
0
-3.867867
-30.62113
0
-5.563354
-31.46572
0
-7.565057
-32.28552
0
-9.872971
-33.08051
0
-12.48709
-33.8507
0
-15.40743
-34.59608
0
-18.63398
-35.31666
0
-22.16673
-36.01244
0
-26.0057
-36.68341
0
-30.15088
-37.32958
0
-34.60226
-37.95095
0
-39.35986
-38.5475
0
-44.42366
-39.11926
0
-49.79368
-39.66622
0
-55.46991
-40.18837
0
-61.45235
-40.68571
0
-67.741
-41.15826
0
-74.33585
-41.60599
0
-81.23692
-42.02893
0
-289.3425
-76.79456
0
-279.2266
-154.6633
0
117.8435
-147.015
0
137.081
-17.29718
0
65.07204
-18.09591
0
59.46658
-20.825
0
54.19434
-23.27698
0
49.25531
-25.45185
0
44.64949
-27.34961
0
40.37689
-28.97025
0
36.4375
-30.31378
0
32.83132
-31.3802
0
29.55835
-32.16951
0
26.6186
-32.6817
0
24.01205
-32.91678
0
21.73872
-32.87476
0
19.7986
-32.55562
0
18.19169
-31.95937
0
16.918
-31.086
0
15.97752
-29.93552
0
15.37025
-28.50793
0
15.09619
-26.80323
0
15.11083
-6.418041
0
15.08439
-6.005116
0
14.94483
-5.673897
0
14.71692
-5.426569
0
14.42547
-5.265321
0
14.09527
-5.192339
0
13.75112
-5.209811
0
13.41782
-5.319925
0
13.12016
-5.524868
0
12.88293
-5.826827
0
12.73093
-6.227988
0
12.68896
-6.730541
0
61.52975
-21.52254
0
137.081
-19.68137
0
137.081
14.5913
0
135.9402
19.3491
0
132.2028
24.20872
0
126.1855
29.09163
0
118.2046
33.9193
0
108.5767
38.61322
0
97.61843
43.09488
0
85.64613
47.28571
0
72.97642
51.10724
0
59.92575
54.48091
0
46.8107
57.32821
0
33.94775
59.57062
0
21.65342
61.12962
0
10.24423
61.92667
0
0.03669834
61.88327
0
-8.652666
60.92088
0
-15.50734
58.96097
0
-20.21082
55.92504
0
-23.38425
52.06644
0
-25.96707
48.55317
0
-27.95925
45.3852
0
-29.36082
42.56254
0
-30.17175
40.0852
0
-30.39206
37.95317
0
-30.02175
36.16645
0
-29.06081
34.72504
0
-27.50925
33.62895
0
-25.36706
32.87817
0
-20.53659
32.35707
0
-16.17019
31.95004
0
-12.26784
31.65707
0
-8.829564
31.47817
0
-5.855345
31.41332
0
-3.345189
31.46254
0
-1.299095
31.62582
0
0.282936
31.90316
0
1.400905
32.29457
0
2.05481
32.80004
0
3.750058
34.61035
0
5.608529
36.24012
0
7.630222
37.68938
0
9.81514
38.9581
0
12.16328
40.0463
0
14.67464
40.95397
0
17.34923
41.68111
0
20.18704
42.22773
0
23.18807
42.59382
0
26.35233
42.77938
0
29.6798
42.78442
0
32.75129
42.55911
0
35.66903
42.17132
0
38.43302
41.62107
0
41.04324
40.90833
0
43.49971
40.03313
0
45.80243
38.99545
0
47.95138
37.79529
0
49.94658
36.43266
0
51.78802
34.90755
0
53.47571
33.21997
0
55.00964
31.36992
0
56.38982
29.3574
0
57.61623
27.1824
0
58.6889
24.84492
0
59.6078
22.34497
0
60.37294
19.68255
0
60.98433
16.85765
0
61.44196
13.87028
0
61.74584
10.72043
0
61.89596
7.408127
0
-3.731991
17.52407
0
-6.754333
15.81204
0
-9.69155
14.462
0
-12.54364
13.47396
0
-15.31061
12.84791
0
-17.99245
12.58385
0
-20.58917
12.68179
0
-23.10076
13.14172
0
-25.52723
13.96364
0
-27.86857
15.14756
0
-30.12479
16.69347
0
-32.29588
18.60138
0
-34.38185
20.87127
0
-36.38269
23.50317
0
-37.09711
24.93121
0
-37.71537
26.43144
0
-38.23744
28.00387
0
-38.66334
29.6485
0
-38.99306
31.36533
0
-39.22661
33.15435
0
-39.36398
35.01557
0
-39.40518
36.94899
0
-39.3502
38.95461
0
-39.19905
41.03242
0
-38.95172
43.18244
0
-38.60822
45.40465
0
-38.16853
47.69906
0
-37.63268
50.06566
0
-23.72644
91.15941
0
-22.4739
94.84216
0
-21.10305
98.33615
0
-19.6139
101.6414
0
-18.00644
104.7579
0
-16.28068
107.6857
0
-14.4366
110.4247
0
-12.47423
112.975
0
-10.39354
115.3366
0
-8.194552
117.5094
0
-5.877254
119.4935
0
-3.441649
121.2888
0
-0.8877378
122.8954
0
1.78448
124.3132
0
4.575005
125.5424
0
7.483835
126.5827
0
10.51097
127.4344
0
13.65641
128.0973
0
16.92015
128.5714
0
21.06479
128.7039
0
25.50071
128.2943
0
30.22792
127.3426
0
35.24641
125.8489
0
40.55618
123.813
0
46.15725
121.2351
0
52.0496
118.1151
0
58.23323
114.4531
0
64.70815
110.2489
0
71.47435
105.5027
0
78.53183
100.2144
0
85.8806
94.384
0
93.52066
88.01154
0
87.57144
191.0848
0
-101.1696
425.9318
0
-305.8741
-29.63893
0
-266.6519
-27.77274
0
-230.1093
-25.67538
0
-196.2463
-23.34685
0
-165.0629
-20.78716
0
-136.5591
-17.99629
0
-110.7349
-14.97426
0
-87.59035
-11.72106
0
-67.12536
-8.236688
0
-49.33995
-4.521147
0
-34.23416
-0.574439
0
-21.80796
3.603439
0
-12.06137
8.012486
0
-4.994374
12.6527
0
-0.6069908
17.52407
0
87.57144
191.0848
0
100.1307
90.8098
0
107.4172
106.6402
0
113.3777
81.68078
0
119.3381
100.3072
0
124.181
71.99503
0
133.4942
90.24894
0
138.7096
64.91697
0
145.4152
83.91595
0
151.2832
59.07504
0
158.4537
79.4456
0
166.6493
54.85869
0
172.6098
77.21043
0
180.8054
52.25098
0
185.033
84.9959
0
195.3341
55.23122
0
197.6691
86.42638
0
209.1176
62.68179
0
210.9803
90.62148
0
221.0386
70.87743
0
220.666
95.09182
0
232.1469
80.66716
0
230.0488
103.3646
0
241.3021
90.39464
0
238.8226
113.2828
0
252.174
99.54991
0
249.5037
123.7732
0
261.3293
110.994
0
261.9607
125.9789
0
266.5721
188.9464
0
264.257
416.3656
0
-86.80798
418.1846
0
266.5721
188.9464
0
265.2032
118.9261
0
267.4774
119.7501
0
270.156
121.3646
0
273.2368
123.7298
0
276.7174
126.8058
0
280.5957
130.5529
0
284.8694
134.9312
0
289.5362
139.9009
0
294.5938
145.4223
0
300.0399
151.4554
0
305.8725
157.9605
0
312.089
164.8977
0
318.6873
172.2273
0
325.665
179.9094
0
333.0201
187.9042
0
340.7501
196.1719
0
348.8529
204.6727
0
357.326
213.3667
0
366.1674
222.2142
0
375.3747
231.1752
0
384.9455
240.2101
0
394.8778
249.279
0
405.1693
258.342
0
415.8175
267.3594
0
426.8203
276.2914
0
438.1755
285.098
0
449.8807
293.7396
0
461.9337
302.1763
0
474.3322
310.3682
0
487.074
318.2756
0
500.1567
325.8586
0
513.5782
333.0775
0
527.3362
339.8924
0
541.4283
346.2635
0
555.8524
352.1509
0
570.6061
357.5149
0
599.9306
367.0928
0
629.1736
375.5232
0
658.335
382.8061
0
687.4148
388.9416
0
716.4131
393.9295
0
745.3298
397.77
0
774.165
400.4631
0
802.9185
402.0086
0
831.5906
402.4067
0
860.181
401.6573
0
888.6899
399.7605
0
917.1173
396.7162
0
945.4631
392.5244
0
973.7273
387.1851
0
1001.91
380.6984
0
1030.011
373.0642
0
1058.031
364.2825
0
1085.969
354.3534
0
1113.825
343.2767
0
1141.6
331.0526
0
1169.293
317.6811
0
1196.905
303.162
0
1224.435
287.4955
0
1251.884
270.6815
0
1279.25
252.72
0
1306.536
233.6111
0
1333.74
213.3547
0
1360.862
191.9508
0
1387.903
169.3995
0
1414.862
145.7007
0
1441.74
120.8544
0
1468.536
94.8606
0
1848.24
-300.9123
0
1873.797
656.5441
0
230.8386
624.1941
0
1951.977
775.7971
0
1470.584
765.1389
0
1499.006
820.2061
0
1918.226
829.0878
0
7
0
0
-10
False
-1
-16776961
4
443
444
445
446
0
0
1
True
0
0
0
10
10
132
0
1
2
3
4
5
6
7
8
9
10
11
12
13
14
15
16
17
18
19
20
21
22
23
24
25
26
27
28
29
30
31
32
33
34
35
36
37
38
39
40
41
42
43
44
45
46
47
48
49
50
51
52
53
54
55
56
57
58
59
60
61
62
63
64
65
66
67
68
69
70
71
72
73
74
75
76
77
78
79
80
81
82
83
84
85
86
87
88
89
90
91
92
93
94
95
96
97
98
99
100
101
102
103
104
105
106
107
108
109
110
111
112
113
114
115
116
117
118
119
120
121
122
123
124
125
126
127
128
129
130
131
0
0
1
True
0
0
0
10
10
59
132
133
134
135
136
137
138
139
140
141
142
143
144
145
146
147
148
149
150
151
152
153
154
155
156
157
158
159
160
161
162
163
164
165
166
167
168
169
170
171
172
173
174
175
176
177
178
179
180
181
182
183
184
185
186
187
188
189
190
0
0
1
True
0
0
0
10
10
71
191
192
193
194
195
196
197
198
199
200
201
202
203
204
205
206
207
208
209
210
211
212
213
214
215
216
217
218
219
220
221
222
223
224
225
226
227
228
229
230
231
232
233
234
235
236
237
238
239
240
241
242
243
244
245
246
247
248
249
250
251
252
253
254
255
256
257
258
259
260
261
0
0
1
True
0
0
0
10
10
77
262
263
264
265
266
267
268
269
270
271
272
273
274
275
276
277
278
279
280
281
282
283
284
285
286
287
288
289
290
291
292
293
294
295
296
297
298
299
300
301
302
303
304
305
306
307
308
309
310
311
312
313
314
315
316
317
318
319
320
321
322
323
324
325
326
327
328
329
330
331
332
333
334
335
336
337
338
0
0
1
True
-1
-13750738
32
339
340
341
342
343
344
345
346
347
348
349
350
351
352
353
354
355
356
357
358
359
360
361
362
363
364
365
366
367
368
369
370
0
0
1
True
0
0
0
10
10
72
371
372
373
374
375
376
377
378
379
380
381
382
383
384
385
386
387
388
389
390
391
392
393
394
395
396
397
398
399
400
401
402
403
404
405
406
407
408
409
410
411
412
413
414
415
416
417
418
419
420
421
422
423
424
425
426
427
428
429
430
431
432
433
434
435
436
437
438
439
440
441
442
1
-18.07135
-27.73816
0
3
1
