Paper World
Get to the end!

-0.6999998
-15.55
274.6523
-13.45929
213.6172
9.905735
3
37
-22.41992
-18.33934
0
6.299999
-11.75
0
6.35
-8.55
0
12.35
-8.75
0
27.55
0.8500004
0
29.85822
2.675982
4
-27.18829
24.76675
0
37.98322
2.675982
0
42.85407
2.587149
0
46.27003
2.487885
6
49.29157
-0.5378523
0
51.82011
-0.5431557
0
51.82011
-1.587636
0
53.86811
-1.628596
0
53.85407
-0.5378523
0
55.91657
-0.6003523
0
59.23225
-5.327111
0
65.0135
-5.327111
0
71.81038
5.922892
7
90.6385
5.063517
0
102.9041
4.360392
0
102.9621
25.70344
0
107.2406
25.97688
0
145.3656
25.58625
0
145.4295
-1.06152
0
130.6
4.414376
5
107.4812
5.0175
0
60.18535
-6.804681
10
64.43494
-6.471881
8
172.49
-2.670845
0
172.2515
4.720131
0
190.8482
4.720131
0
191.0866
-2.432426
0
206.405
-3.207287
0
205.4513
5.614201
0
268.6323
6.091038
0
267.4402
-3.207287
0
4
0
0
1
True
0
0
0
10
10
24
0
1
2
3
4
5
7
8
9
10
11
12
13
14
15
16
27
28
17
18
19
20
21
6
-0.3
0
1
True
1
0
0
5
5
5
22
23
24
25
26
0
1.1
1
True
2
0
0
10
10
4
29
30
31
32
0
0
1
True
0
0
0
10
10
4
33
34
35
36
4
7.9752
-8.542398
0
3
1
9.997601
-8.695998
0
3
1
52.29116
-1.628596
0
4
1
52.49596
-3.266996
0
5
1
