-40 -52.077347 0 0.5
-40 -0.140999 0 0.5
-6.338485 -0.140999 0 0.5
2.824618 -0.140999 0 0.5
3.974798 -0.409375 0 0.5
5.776747 -1.176162 0 0.5
13.291259 -4.703381 0 0.5
16.971836 -6.160276 0 0.5
24.371328 -8.805691 0 0.5
28.358622 -9.534139 0 0.5
30.927357 -9.725835 0 0.5
34.377899 -10.224247 0 0.5
43.119267 -11.566123 0 0.5
49.023525 -13.559770 0 0.5
56.119488 -15.417616 0 0.5
69.628632 -17.268183 0 0.5
77.215950 -17.083126 0 0.5
87.209015 -15.047503 0 0.5
97.387131 -11.716482 0 0.5
109.045700 -9.680859 0 0.5
118.298538 -9.310745 0 0.5
124.220352 -8.755575 0 0.5
130.345718 -7.090067 0 0.5
135.638351 -6.127773 0 0.5
145.020721 -4.684330 0 0.5
150.553909 -3.240888 0 0.5
160.898575 -1.797446 0 0.5
171.002670 -1.797446 0 0.5
171.002670 -52.077347 0 0.5
