-40 -52.077347 0 0.5
-40 -0.140999 0 0.5
-6.338485 -0.140999 0 0.5
2.824618 -0.140999 0 0.5
3.974798 -0.409375 0 0.5
5.776747 -1.176162 0 0.5
13.291259 -4.703381 0 0.5
16.971836 -6.160276 0 0.5
24.521055 -8.851032 0 0.5
26.361343 -8.966050 0 0.5
27.626541 -8.697675 0 0.5
30.003580 -8.237602 0 0.5
31.345457 -8.045906 0 0.5
31.652172 -8.199264 0 0.5
31.958887 -8.812693 0 0.5
32.380619 -9.771176 0 0.5
32.802353 -9.962873 0 0.5
34.377899 -10.224247 0 0.5
43.119267 -11.566123 0 0.5
47.857059 -12.527987 0 0.5
53.688477 -13.325446 0 0.5
57.001476 -13.372171 0 0.5
67.562820 -12.659443 0 0.5
76.316353 -10.783547 0 0.5
76.914452 -11.032754 0 0.5
77.462700 -12.777193 0 0.5
78.210320 -13.126081 0 0.5
93.548317 -15.873745 0 0.5
98.283218 -16.920406 0 0.5
104.114639 -17.717867 0 0.5
107.603516 -17.817547 0 0.5
111.092400 -17.518501 0 0.5
123.453003 -15.524857 0 0.5
126.742516 -15.175968 0 0.5
127.340614 -15.425175 0 0.5
127.888863 -17.169613 0 0.5
128.636475 -17.518501 0 0.5
145.995789 -20.621181 0 0.5
150.553909 -3.240888 0 0.5
160.898575 -1.797446 0 0.5
171.002670 -1.797446 0 0.5
171.002670 -52.077347 0 0.5
