-40 -120 0 0.5
-40 -0.140999 0 0.5
-6.338485 -0.140999 0 0.5
2.824618 -0.140999 0 0.5
3.974798 -0.409375 0 0.5
5.776747 -1.176162 0 0.5
13.291259 -4.703381 0 0.5
16.971836 -6.160276 0 0.5
24.521055 -8.851032 0 0.5
26.361343 -8.966050 0 0.5
27.626541 -8.697675 0 0.5
30.003580 -8.237602 0 0.5
31.345457 -8.045906 0 0.5
31.652172 -8.199264 0 0.5
31.958887 -8.812693 0 0.5
32.380619 -9.771176 0 0.5
32.802353 -9.962873 0 0.5
34.377899 -10.224247 0 0.5
37.697655 -10.710284 0 0.5
38.146225 -11.657266 0 0.5
39.342415 -11.956313 0 0.5
40.339237 -12.903295 0 0.5
41.336060 -12.853454 0 0.5
43.678593 -13.052818 0 0.5
44.625576 -14.249005 0 0.5
45.572556 -15.195987 0 0.5
46.818584 -15.295670 0 0.5
48.014774 -16.043287 0 0.5
48.214138 -17.139791 0 0.5
49.161118 -18.236298 0 0.5
49.227592 -18.181339 0 0.5
52.428391 -19.023655 0 0.5
53.270706 -21.129444 0 0.5
55.966114 -21.297907 0 0.5
56.555733 -24.667168 0 0.5
61.104237 -26.014872 0 0.5
63.294254 -29.299902 0 0.5
65.806366 -31.787565 0 0.5
70.405411 -32.225571 0 0.5
71.171913 -34.306087 0 0.5
74.785446 -35.948605 0 0.5
76.646965 -38.686131 0 0.5
79.274986 -39.343136 0 0.5
80.041496 -41.314152 0 0.5
83.107529 -42.737667 0 0.5
84.421539 -44.818184 0 0.5
87.597069 -45.475193 0 0.5
88.692078 -47.555710 0 0.5
91.320099 -48.212715 0 0.5
92.962616 -51.169243 0 0.5
96.795151 -52.373756 0 0.5
97.671158 -53.797268 0 0.5
101.613197 -54.892281 0 0.5
102.160698 -56.315792 0 0.5
106.212242 -57.191799 0 0.5
106.978745 -58.724815 0 0.5
109.716270 -59.600819 0 0.5
112.015793 -62.009842 0 0.5
114.753319 -62.995350 0 0.5
117.819344 -66.061378 0 0.5
120.337868 -66.827888 0 0.5
122.418388 -71.207924 0 0.5
126.798431 -72.302940 0 0.5
129.973953 -75.697472 0 0.5
135.339508 -80.187012 0 0.5
144.586472 -80.229645 0 0.5
194.586472 -80.229645 0 0.5
194.586472 -120 0 0.5
