Jungle Jetpack


-8.386086
-8.908831
48.32461
-10.08865
190.0483
-23.15018
3
137
-8.033998
-8.272035
0
-3.712717
-2.517153
9
38.81605
0.835084
0
190.7558
36.61754
0
-11.93148
35.64097
0
14.11575
-15.0039
0
30.76599
-13.2631
0
-11.89882
-8.240363
0
13.69229
-3.145632
0
-10.0507
-7.126251
0
13.67181
-2.715551
0
12.81465
-2.660513
0
12.11833
-2.250913
0
11.60633
-2.701472
0
10.45945
-2.189472
0
9.619767
-2.742433
0
8.595767
-2.373793
0
7.756087
-2.844832
0
7.039287
-2.394273
0
6.158647
-2.926753
0
5.237046
-2.435232
0
4.233525
-3.090592
0
3.230006
-2.742433
0
2.799926
-3.111073
0
1.734965
-2.803873
0
1.202485
-3.500193
0
0.2808847
-3.213473
0
-0.2311153
-3.664033
0
-1.357516
-3.336353
0
-1.787596
-4.114594
0
-2.873036
-3.786913
0
-4.060877
-4.872354
0
-4.716237
-4.380834
0
-5.310157
-5.425314
0
-6.354637
-5.343393
0
-6.989518
-6.613154
0
-7.638974
-6.405354
0
-8.215692
-7.493253
0
-9.041446
-7.047608
0
-9.277375
-7.807826
0
20.69645
-5.869473
0
17.68589
-3.329952
6
14.12237
-7.589793
0
28.02485
-13.03142
8
17.60565
-15.69382
16
15.26925
-7.610273
0
14.90061
-6.647713
3
14.10189
-6.627233
4
13.07789
-2.346911
0
20.79885
-5.091232
0
20.22541
-5.193632
0
20.28685
-4.620193
0
19.57005
-4.558752
0
19.46765
-3.780512
0
18.83277
-4.190112
0
18.77133
-3.760032
0
18.15693
-3.944352
0
18.03405
-3.145632
0
17.33773
-3.514272
0
17.17389
-2.961311
0
16.43661
-3.309472
0
15.82221
-2.613152
0
15.02349
-2.961311
0
14.57293
-2.551712
0
14.20429
-2.326431
0
14.13623
-16.8471
5
15.93847
-16.47846
0
22.17526
-19.12902
0
-7.109131
-180.0177
0
52.07724
-179.3857
0
23.21525
-19.12902
0
17.22871
-12.8535
0
24.19706
-13.03515
0
25.47706
-1.227148
0
14.43706
-2.699148
0
14.66106
-4.043148
0
14.43706
-5.195148
0
14.66106
-6.123149
0
14.56506
-7.147149
0
30.37505
-12.18842
0
29.70103
-13.01734
0
29.49623
-12.46438
0
28.79991
-13.2631
0
28.24695
-12.58726
0
27.67351
-13.50886
0
26.58807
-12.8535
0
25.97367
-13.93894
0
24.90871
-13.24262
0
24.25335
-14.0823
0
23.70039
-13.42694
0
23.12695
-14.36902
0
22.41015
-13.89798
0
21.87767
-14.73766
0
21.34519
-14.00038
0
20.89463
-15.0039
0
20.21879
-14.24614
0
19.44055
-15.2087
0
18.92855
-14.6967
0
18.35511
-15.53638
0
17.76119
-15.0039
0
17.06487
-15.76166
0
16.71671
-15.22918
0
16.28663
-15.86406
0
15.97943
-15.12678
0
15.40599
-15.80262
0
15.09879
-14.7991
0
14.66871
-15.47494
0
14.27959
-14.12326
0
-10.65363
-7.768504
0
-11.45317
-7.113144
0
30.78102
-14.64085
0
38.80918
-12.83861
0
44.48705
-12.63642
0
190.655
-12.66548
0
38.62855
11.71009
0
40.00355
0.897584
0
39.87855
11.71009
0
41.12855
0.960084
0
41.31605
11.77259
0
42.25355
0.960084
0
43.44105
0.897584
0
42.81605
11.89759
0
44.48705
11.87559
0
191.9765
37.34996
0
38.11286
-11.67125
0
37.68278
-12.63381
0
37.0479
-11.52789
0
36.51542
-12.94101
0
35.57334
-12.06037
0
35.22518
-13.16629
0
34.42646
-12.32661
0
34.13974
-13.37109
0
33.32054
-12.63381
0
32.86998
-13.61685
0
32.27606
-12.92053
0
31.9279
-13.94453
0
31.27254
-13.30965
0
8
0
0
1
False
0
0
0
10
10
8
71
72
73
74
75
76
77
78
0
0
1
True
2
0
0
10
10
30
0
1
8
41
40
43
44
45
46
47
42
5
65
66
6
110
111
2
114
115
116
117
118
119
121
120
122
3
4
7
0
0
1
False
1
0
0
10
10
38
9
108
109
7
0
1
8
10
48
11
12
13
14
15
16
17
18
19
20
21
22
23
24
25
26
27
28
29
30
31
32
33
34
35
36
37
38
39
0
0
1
False
1
0
0
10
10
20
10
8
41
40
49
50
51
52
53
54
55
56
57
58
59
60
61
62
63
64
0
0
1
True
2
0
0
10
10
4
67
68
69
70
0
0
1
True
1
0
0
10
10
33
5
65
66
6
79
80
81
82
83
84
85
86
87
88
89
90
91
92
93
94
95
96
97
98
99
100
101
102
103
104
105
106
107
0.5
0
1
True
2
0
0
10
10
4
112
113
123
122
0
0
1
True
1
0
0
10
10
15
111
124
125
126
127
128
129
130
131
132
133
134
135
136
110
5
-16.58247
25.10053
0
0
1
18.37304
-7.860734
0
8
1
22.14904
-15.44473
0
9
1
22.14904
-16.62873
0
9
1
22.11704
-17.78074
0
9
1
