-52 7.9 0.2 0.5
-52 19.0 0 0.5
-27 7.9 0.2 0.5
-10.284848 1.617651 0 0.5
-8.379415 0.714120 0 0.5
-7.634633 0.267112 0 0.5
-6.336994 -0.234249 0 0.5
-5.481731 -0.381708 0 0.5
-5.157321 -0.352216 0 0.5
-4.655961 -0.293233 0 0.5
-3.918666 -0.116282 0 0.5
-3.358322 0.031177 0 0.5
-2.650519 0.414571 0 0.5
-2.296617 0.591521 0 0.5
-1.706781 0.679997 0 0.5
-1.480232 0.679619 0 0.5
-1.466418 0.658940 0 0.5
-1.218598 0.607311 0 0.5
-1.063709 0.493726 0 0.5
-0.815887 0.266556 0 0.5
-0.795691 0.147692 1 0
-0.589248 -1.061472 1 0
1.209751 -4.718455 1 0
2.743325 -6.222537 1 0
4.070456 -7.313733 1 0
4.183598 -7.507327 1 0
4.442771 -7.572121 1 0
10.463150 -7.735078 1 0
10.691353 -7.265250 0 0.5
11.026944 -7.063894 0 0.5
11.375960 -7.131013 0 0.5
11.423262 -7.168033 0 0.5
11.777164 -7.521935 0 0.5
11.983605 -7.905328 0 0.5
12.396491 -8.554148 1 0.5
12.927343 -9.645344 0 0.5
13.428704 -10.972475 0 0.5
13.615348 -11.330142 0 0.5
15.364772 -14.375436 0 0.5
17.502956 -16.902382 0 0.5
20.094696 -18.263044 0 0.5
23.075195 -19.170153 0.1 0.5
26.574043 -18.910980 0.3 0.5
29.230576 -18.327839 0.3 0.5
31.563141 -17.031969 0.4 0.5
33.182980 -15.736099 0.4 0.5
35 -14 0.4 0.5
100 -10 0.4 0.5
100 -50 0.4 0.5
-50 -50 0.4 0.5
